+8.000000e+000	   +7.013524e-005
+1.600000e+001	   +2.031253e-005
+2.400000e+001	   +1.908012e-006
+3.200000e+001	   +6.359597e-007
+4.000000e+001	   +5.362028e-007
+4.800000e+001	   +5.879992e-007
+5.600000e+001	   +6.614304e-007
+6.400000e+001	   +6.452693e-007
+7.200000e+001	   +4.643545e-007
+8.000000e+001	   +3.925232e-007
+8.800000e+001	   +4.546300e-007
+9.600000e+001	   +4.777914e-007
+1.040000e+002	   +4.752930e-007
+1.120000e+002	   +4.836776e-007
+1.200000e+002	   +5.519927e-007
+1.280000e+002	   +5.375952e-007
+1.360000e+002	   +5.237630e-007
+1.440000e+002	   +4.999284e-007
+1.520000e+002	   +4.005708e-007
+1.600000e+002	   +4.531624e-007
+1.680000e+002	   +5.557790e-007
+1.760000e+002	   +5.886562e-007
+1.840000e+002	   +4.844940e-007
+1.920000e+002	   +3.621344e-007
+2.000000e+002	   +4.085989e-007
+2.080000e+002	   +4.541032e-007
+2.160000e+002	   +4.269128e-007
+2.240000e+002	   +3.950361e-007
+2.320000e+002	   +4.246371e-007
+2.400000e+002	   +4.721431e-007
+2.480000e+002	   +4.417246e-007
+2.560000e+002	   +4.126642e-007
+2.640000e+002	   +4.331765e-007
+2.720000e+002	   +4.640940e-007
+2.800000e+002	   +4.349708e-007
+2.880000e+002	   +4.595281e-007
+2.960000e+002	   +5.198169e-007
+3.040000e+002	   +4.776214e-007
+3.120000e+002	   +4.375099e-007
+3.200000e+002	   +4.807635e-007
+3.280000e+002	   +4.763227e-007
+3.360000e+002	   +4.546844e-007
+3.440000e+002	   +4.039805e-007
+3.520000e+002	   +3.784027e-007
+3.600000e+002	   +3.909237e-007
+3.680000e+002	   +4.589210e-007
+3.760000e+002	   +4.970730e-007
+3.840000e+002	   +4.956773e-007
+3.920000e+002	   +5.031869e-007
+4.000000e+002	   +5.209172e-007
+4.080000e+002	   +5.113096e-007
+4.160000e+002	   +5.248977e-007
+4.240000e+002	   +4.902599e-007
+4.320000e+002	   +4.182098e-007
+4.400000e+002	   +3.907551e-007
+4.480000e+002	   +3.624344e-007
+4.560000e+002	   +3.981420e-007
+4.640000e+002	   +3.714705e-007
+4.720000e+002	   +3.811373e-007
+4.800000e+002	   +5.251605e-007
+4.880000e+002	   +5.679694e-007
+4.960000e+002	   +4.907429e-007
+5.040000e+002	   +4.298076e-007
+5.120000e+002	   +4.146685e-007
+5.200000e+002	   +4.488858e-007
+5.280000e+002	   +4.329478e-007
+5.360000e+002	   +4.253991e-007
+5.440000e+002	   +5.133194e-007
+5.520000e+002	   +5.718973e-007
+5.600000e+002	   +6.107030e-007
+5.680000e+002	   +6.625534e-007
+5.760000e+002	   +6.329893e-007
+5.840000e+002	   +5.581205e-007
+5.920000e+002	   +5.505830e-007
+6.000000e+002	   +5.233048e-007
+6.080000e+002	   +4.864620e-007
+6.160000e+002	   +4.978371e-007
+6.240000e+002	   +4.622617e-007
+6.320000e+002	   +4.681103e-007
+6.400000e+002	   +5.324038e-007
+6.480000e+002	   +5.058008e-007
+6.560000e+002	   +5.436986e-007
+6.640000e+002	   +5.673610e-007
+6.720000e+002	   +5.397356e-007
+6.800000e+002	   +4.824869e-007
+6.880000e+002	   +5.051570e-007
+6.960000e+002	   +5.833404e-007
+7.040000e+002	   +5.993584e-007
+7.120000e+002	   +5.964050e-007
+7.200000e+002	   +6.047703e-007
+7.280000e+002	   +5.899126e-007
+7.360000e+002	   +5.163147e-007
+7.440000e+002	   +4.303563e-007
+7.520000e+002	   +4.819167e-007
+7.600000e+002	   +6.085938e-007
+7.680000e+002	   +6.173997e-007
+7.760000e+002	   +5.995394e-007
+7.840000e+002	   +6.356658e-007
+7.920000e+002	   +7.531634e-007
+8.000000e+002	   +8.386921e-007
+8.080000e+002	   +7.360933e-007
+8.160000e+002	   +7.214405e-007
+8.240000e+002	   +7.867208e-007
+8.320000e+002	   +8.217273e-007
+8.400000e+002	   +7.755245e-007
+8.480000e+002	   +7.118826e-007
+8.560000e+002	   +7.331823e-007
+8.640000e+002	   +8.577309e-007
+8.720000e+002	   +8.583008e-007
+8.800000e+002	   +7.058338e-007
+8.880000e+002	   +6.775706e-007
+8.960000e+002	   +8.252716e-007
+9.040000e+002	   +8.565968e-007
+9.120000e+002	   +8.168365e-007
+9.200000e+002	   +8.444608e-007
+9.280000e+002	   +8.570408e-007
+9.360000e+002	   +8.138634e-007
+9.440000e+002	   +8.541737e-007
+9.520000e+002	   +9.045903e-007
+9.600000e+002	   +1.006740e-006
+9.680000e+002	   +1.105193e-006
+9.760000e+002	   +9.882707e-007
+9.840000e+002	   +8.508480e-007
+9.920000e+002	   +9.115084e-007
+1.000000e+003	   +8.696708e-007
+1.008000e+003	   +8.291179e-007
+1.016000e+003	   +8.848659e-007
+1.024000e+003	   +9.431210e-007
+1.032000e+003	   +9.091596e-007
+1.040000e+003	   +8.219221e-007
+1.048000e+003	   +7.732297e-007
+1.056000e+003	   +7.624564e-007
+1.064000e+003	   +8.175579e-007
+1.072000e+003	   +8.949640e-007
+1.080000e+003	   +8.885772e-007
+1.088000e+003	   +8.578929e-007
+1.096000e+003	   +7.760474e-007
+1.104000e+003	   +6.720405e-007
+1.112000e+003	   +5.667266e-007
+1.120000e+003	   +6.271010e-007
+1.128000e+003	   +6.805290e-007
+1.136000e+003	   +7.289802e-007
+1.144000e+003	   +7.324107e-007
+1.152000e+003	   +7.287497e-007
+1.160000e+003	   +6.172642e-007
+1.168000e+003	   +5.504458e-007
+1.176000e+003	   +5.815019e-007
+1.184000e+003	   +5.622191e-007
+1.192000e+003	   +5.490280e-007
+1.200000e+003	   +5.431038e-007
+1.208000e+003	   +6.364871e-007
+1.216000e+003	   +6.495663e-007
+1.224000e+003	   +6.196082e-007
+1.232000e+003	   +6.094591e-007
+1.240000e+003	   +6.635449e-007
+1.248000e+003	   +6.852594e-007
+1.256000e+003	   +6.129796e-007
+1.264000e+003	   +5.476703e-007
+1.272000e+003	   +5.579195e-007
+1.280000e+003	   +5.355133e-007
+1.288000e+003	   +4.764325e-007
+1.296000e+003	   +5.328172e-007
+1.304000e+003	   +6.078158e-007
+1.312000e+003	   +6.195483e-007
+1.320000e+003	   +5.759921e-007
+1.328000e+003	   +6.144513e-007
+1.336000e+003	   +6.411274e-007
+1.344000e+003	   +6.009986e-007
+1.352000e+003	   +5.358662e-007
+1.360000e+003	   +4.975874e-007
+1.368000e+003	   +5.325452e-007
+1.376000e+003	   +5.949544e-007
+1.384000e+003	   +6.741067e-007
+1.392000e+003	   +6.255909e-007
+1.400000e+003	   +5.397706e-007
+1.408000e+003	   +4.979257e-007
+1.416000e+003	   +4.141303e-007
+1.424000e+003	   +3.775872e-007
+1.432000e+003	   +4.320911e-007
+1.440000e+003	   +4.876920e-007
+1.448000e+003	   +4.990937e-007
+1.456000e+003	   +5.496118e-007
+1.464000e+003	   +5.659338e-007
+1.472000e+003	   +5.718244e-007
+1.480000e+003	   +5.810105e-007
+1.488000e+003	   +5.388894e-007
+1.496000e+003	   +5.199732e-007
+1.504000e+003	   +5.524026e-007
+1.512000e+003	   +6.157594e-007
+1.520000e+003	   +6.195054e-007
+1.528000e+003	   +5.627138e-007
+1.536000e+003	   +5.068626e-007
+1.544000e+003	   +4.645304e-007
+1.552000e+003	   +5.497253e-007
+1.560000e+003	   +6.068163e-007
+1.568000e+003	   +6.035146e-007
+1.576000e+003	   +5.441023e-007
+1.584000e+003	   +4.663389e-007
+1.592000e+003	   +4.918353e-007
+1.600000e+003	   +6.100301e-007
+1.608000e+003	   +6.094363e-007
+1.616000e+003	   +4.934444e-007
+1.624000e+003	   +5.194774e-007
+1.632000e+003	   +6.114793e-007
+1.640000e+003	   +5.600529e-007
+1.648000e+003	   +4.983359e-007
+1.656000e+003	   +5.000256e-007
+1.664000e+003	   +5.272057e-007
+1.672000e+003	   +5.208806e-007
+1.680000e+003	   +5.107194e-007
+1.688000e+003	   +4.898235e-007
+1.696000e+003	   +5.406461e-007
+1.704000e+003	   +5.601881e-007
+1.712000e+003	   +5.677942e-007
+1.720000e+003	   +5.898771e-007
+1.728000e+003	   +5.806866e-007
+1.736000e+003	   +5.328488e-007
+1.744000e+003	   +4.596537e-007
+1.752000e+003	   +3.998484e-007
+1.760000e+003	   +4.310590e-007
+1.768000e+003	   +4.368096e-007
+1.776000e+003	   +4.261887e-007
+1.784000e+003	   +4.606308e-007
+1.792000e+003	   +4.378314e-007
+1.800000e+003	   +4.435856e-007
+1.808000e+003	   +4.660717e-007
+1.816000e+003	   +5.014578e-007
+1.824000e+003	   +4.881372e-007
+1.832000e+003	   +4.550205e-007
+1.840000e+003	   +4.637216e-007
+1.848000e+003	   +5.332930e-007
+1.856000e+003	   +5.321069e-007
+1.864000e+003	   +4.734638e-007
+1.872000e+003	   +5.278457e-007
+1.880000e+003	   +4.956202e-007
+1.888000e+003	   +3.930446e-007
+1.896000e+003	   +3.808285e-007
+1.904000e+003	   +4.525880e-007
+1.912000e+003	   +4.895095e-007
+1.920000e+003	   +5.105427e-007
+1.928000e+003	   +4.932164e-007
+1.936000e+003	   +4.517326e-007
+1.944000e+003	   +4.871189e-007
+1.952000e+003	   +4.857521e-007
+1.960000e+003	   +4.417717e-007
+1.968000e+003	   +4.066042e-007
+1.976000e+003	   +4.455048e-007
+1.984000e+003	   +5.123656e-007
+1.992000e+003	   +5.053611e-007
+2.000000e+003	   +4.456848e-007
+2.008000e+003	   +3.889996e-007
+2.016000e+003	   +4.665545e-007
+2.024000e+003	   +5.485128e-007
+2.032000e+003	   +5.410866e-007
+2.040000e+003	   +5.180619e-007
+2.048000e+003	   +5.196554e-007
+2.056000e+003	   +5.077031e-007
+2.064000e+003	   +5.153371e-007
+2.072000e+003	   +5.000042e-007
+2.080000e+003	   +4.858439e-007
+2.088000e+003	   +4.562797e-007
+2.096000e+003	   +4.284069e-007
+2.104000e+003	   +4.252768e-007
+2.112000e+003	   +4.529037e-007
+2.120000e+003	   +4.516870e-007
+2.128000e+003	   +4.319170e-007
+2.136000e+003	   +4.417853e-007
+2.144000e+003	   +4.304622e-007
+2.152000e+003	   +3.711965e-007
+2.160000e+003	   +3.933473e-007
+2.168000e+003	   +5.096209e-007
+2.176000e+003	   +5.968964e-007
+2.184000e+003	   +5.799239e-007
+2.192000e+003	   +4.822163e-007
+2.200000e+003	   +4.516399e-007
+2.208000e+003	   +5.034096e-007
+2.216000e+003	   +5.147162e-007
+2.224000e+003	   +5.103029e-007
+2.232000e+003	   +5.007822e-007
+2.240000e+003	   +4.641184e-007
+2.248000e+003	   +4.913942e-007
+2.256000e+003	   +5.447736e-007
+2.264000e+003	   +5.738225e-007
+2.272000e+003	   +5.614073e-007
+2.280000e+003	   +5.177253e-007
+2.288000e+003	   +4.994862e-007
+2.296000e+003	   +5.243435e-007
+2.304000e+003	   +5.247409e-007
+2.312000e+003	   +5.303000e-007
+2.320000e+003	   +5.316274e-007
+2.328000e+003	   +4.846909e-007
+2.336000e+003	   +4.965368e-007
+2.344000e+003	   +4.756913e-007
+2.352000e+003	   +3.951745e-007
+2.360000e+003	   +4.212823e-007
+2.368000e+003	   +4.664188e-007
+2.376000e+003	   +4.704603e-007
+2.384000e+003	   +4.673323e-007
+2.392000e+003	   +4.642734e-007
+2.400000e+003	   +4.848612e-007
+2.408000e+003	   +4.798496e-007
+2.416000e+003	   +4.936894e-007
+2.424000e+003	   +4.898563e-007
+2.432000e+003	   +4.712622e-007
+2.440000e+003	   +5.712515e-007
+2.448000e+003	   +6.319227e-007
+2.456000e+003	   +5.363341e-007
+2.464000e+003	   +5.058730e-007
+2.472000e+003	   +5.193359e-007
+2.480000e+003	   +4.395799e-007
+2.488000e+003	   +4.148821e-007
+2.496000e+003	   +4.321698e-007
+2.504000e+003	   +5.644538e-007
+2.512000e+003	   +6.146233e-007
+2.520000e+003	   +4.891630e-007
+2.528000e+003	   +4.148912e-007
+2.536000e+003	   +4.696650e-007
+2.544000e+003	   +5.311210e-007
+2.552000e+003	   +5.520018e-007
+2.560000e+003	   +5.717717e-007
+2.568000e+003	   +6.084261e-007
+2.576000e+003	   +5.670771e-007
+2.584000e+003	   +5.114691e-007
+2.592000e+003	   +5.181615e-007
+2.600000e+003	   +4.818802e-007
+2.608000e+003	   +4.218878e-007
+2.616000e+003	   +4.473438e-007
+2.624000e+003	   +5.076797e-007
+2.632000e+003	   +5.091003e-007
+2.640000e+003	   +5.022662e-007
+2.648000e+003	   +4.711654e-007
+2.656000e+003	   +4.680609e-007
+2.664000e+003	   +4.814883e-007
+2.672000e+003	   +4.810661e-007
+2.680000e+003	   +4.950431e-007
+2.688000e+003	   +4.586696e-007
+2.696000e+003	   +4.272096e-007
+2.704000e+003	   +4.273428e-007
+2.712000e+003	   +4.484646e-007
+2.720000e+003	   +5.512127e-007
+2.728000e+003	   +6.297679e-007
+2.736000e+003	   +5.537884e-007
+2.744000e+003	   +4.607330e-007
+2.752000e+003	   +4.586878e-007
+2.760000e+003	   +4.532051e-007
+2.768000e+003	   +4.340768e-007
+2.776000e+003	   +3.992991e-007
+2.784000e+003	   +4.337352e-007
+2.792000e+003	   +4.576434e-007
+2.800000e+003	   +4.158165e-007
+2.808000e+003	   +3.715950e-007
+2.816000e+003	   +4.181501e-007
+2.824000e+003	   +4.690080e-007
+2.832000e+003	   +4.584370e-007
+2.840000e+003	   +4.195564e-007
+2.848000e+003	   +4.292808e-007
+2.856000e+003	   +4.140602e-007
+2.864000e+003	   +3.848486e-007
+2.872000e+003	   +3.862744e-007
+2.880000e+003	   +3.495164e-007
+2.888000e+003	   +3.483261e-007
+2.896000e+003	   +3.866648e-007
+2.904000e+003	   +4.373975e-007
+2.912000e+003	   +5.513839e-007
+2.920000e+003	   +5.796215e-007
+2.928000e+003	   +5.317214e-007
+2.936000e+003	   +4.505814e-007
+2.944000e+003	   +5.343169e-007
+2.952000e+003	   +5.752122e-007
+2.960000e+003	   +5.147971e-007
+2.968000e+003	   +5.102054e-007
+2.976000e+003	   +5.510063e-007
+2.984000e+003	   +5.505715e-007
+2.992000e+003	   +4.854221e-007
+3.000000e+003	   +4.615471e-007
+3.008000e+003	   +5.085187e-007
+3.016000e+003	   +5.120529e-007
+3.024000e+003	   +4.250611e-007
+3.032000e+003	   +3.811766e-007
+3.040000e+003	   +4.510809e-007
+3.048000e+003	   +5.267087e-007
+3.056000e+003	   +5.479975e-007
+3.064000e+003	   +5.307112e-007
+3.072000e+003	   +4.840984e-007
+3.080000e+003	   +4.863466e-007
+3.088000e+003	   +5.044957e-007
+3.096000e+003	   +5.431497e-007
+3.104000e+003	   +5.797997e-007
+3.112000e+003	   +5.330290e-007
+3.120000e+003	   +5.023930e-007
+3.128000e+003	   +4.659044e-007
+3.136000e+003	   +4.410917e-007
+3.144000e+003	   +3.832589e-007
+3.152000e+003	   +3.748877e-007
+3.160000e+003	   +4.613561e-007
+3.168000e+003	   +5.105658e-007
+3.176000e+003	   +5.024162e-007
+3.184000e+003	   +4.933924e-007
+3.192000e+003	   +4.458532e-007
+3.200000e+003	   +4.314918e-007
