+8.000000e+000	   +4.783391e-004
+1.600000e+001	   +1.384263e-004
+2.400000e+001	   +1.176782e-005
+3.200000e+001	   +1.837036e-006
+4.000000e+001	   +1.299249e-006
+4.800000e+001	   +9.413343e-007
+5.600000e+001	   +7.966692e-007
+6.400000e+001	   +6.837736e-007
+7.200000e+001	   +6.324016e-007
+8.000000e+001	   +7.095190e-007
+8.800000e+001	   +7.032223e-007
+9.600000e+001	   +5.692361e-007
+1.040000e+002	   +4.611070e-007
+1.120000e+002	   +5.522449e-007
+1.200000e+002	   +5.594309e-007
+1.280000e+002	   +4.547378e-007
+1.360000e+002	   +5.029289e-007
+1.440000e+002	   +6.050845e-007
+1.520000e+002	   +6.247000e-007
+1.600000e+002	   +5.501866e-007
+1.680000e+002	   +5.712484e-007
+1.760000e+002	   +6.549575e-007
+1.840000e+002	   +6.133614e-007
+1.920000e+002	   +4.847803e-007
+2.000000e+002	   +4.134469e-007
+2.080000e+002	   +4.219494e-007
+2.160000e+002	   +4.599384e-007
+2.240000e+002	   +4.835566e-007
+2.320000e+002	   +5.220681e-007
+2.400000e+002	   +4.751109e-007
+2.480000e+002	   +4.334600e-007
+2.560000e+002	   +4.820008e-007
+2.640000e+002	   +5.421089e-007
+2.720000e+002	   +5.575766e-007
+2.800000e+002	   +5.439625e-007
+2.880000e+002	   +6.127474e-007
+2.960000e+002	   +7.531924e-007
+3.040000e+002	   +6.930537e-007
+3.120000e+002	   +5.597431e-007
+3.200000e+002	   +5.748763e-007
+3.280000e+002	   +5.988775e-007
+3.360000e+002	   +5.847531e-007
+3.440000e+002	   +5.043229e-007
+3.520000e+002	   +4.863872e-007
+3.600000e+002	   +4.836214e-007
+3.680000e+002	   +5.334260e-007
+3.760000e+002	   +5.524620e-007
+3.840000e+002	   +4.767643e-007
+3.920000e+002	   +4.865757e-007
+4.000000e+002	   +5.606589e-007
+4.080000e+002	   +5.905633e-007
+4.160000e+002	   +5.843892e-007
+4.240000e+002	   +5.807994e-007
+4.320000e+002	   +5.697857e-007
+4.400000e+002	   +5.501552e-007
+4.480000e+002	   +4.872381e-007
+4.560000e+002	   +4.471891e-007
+4.640000e+002	   +4.741291e-007
+4.720000e+002	   +5.167627e-007
+4.800000e+002	   +5.179675e-007
+4.880000e+002	   +5.701518e-007
+4.960000e+002	   +6.438794e-007
+5.040000e+002	   +6.034040e-007
+5.120000e+002	   +5.328237e-007
+5.200000e+002	   +5.709380e-007
+5.280000e+002	   +6.392634e-007
+5.360000e+002	   +6.401462e-007
+5.440000e+002	   +5.781342e-007
+5.520000e+002	   +4.684676e-007
+5.600000e+002	   +4.475000e-007
+5.680000e+002	   +5.394430e-007
+5.760000e+002	   +5.997330e-007
+5.840000e+002	   +5.774427e-007
+5.920000e+002	   +5.770169e-007
+6.000000e+002	   +5.642598e-007
+6.080000e+002	   +5.555258e-007
+6.160000e+002	   +5.200720e-007
+6.240000e+002	   +4.886541e-007
+6.320000e+002	   +5.105114e-007
+6.400000e+002	   +5.032206e-007
+6.480000e+002	   +5.232503e-007
+6.560000e+002	   +6.007749e-007
+6.640000e+002	   +6.403578e-007
+6.720000e+002	   +6.199926e-007
+6.800000e+002	   +5.548571e-007
+6.880000e+002	   +5.637075e-007
+6.960000e+002	   +5.310866e-007
+7.040000e+002	   +5.560683e-007
+7.120000e+002	   +6.123681e-007
+7.200000e+002	   +5.993242e-007
+7.280000e+002	   +4.720638e-007
+7.360000e+002	   +4.916447e-007
+7.440000e+002	   +5.936689e-007
+7.520000e+002	   +7.048487e-007
+7.600000e+002	   +7.651316e-007
+7.680000e+002	   +7.511880e-007
+7.760000e+002	   +6.563368e-007
+7.840000e+002	   +5.649957e-007
+7.920000e+002	   +5.873998e-007
+8.000000e+002	   +6.453955e-007
+8.080000e+002	   +7.770732e-007
+8.160000e+002	   +7.828339e-007
+8.240000e+002	   +6.680274e-007
+8.320000e+002	   +7.375754e-007
+8.400000e+002	   +8.586825e-007
+8.480000e+002	   +8.819202e-007
+8.560000e+002	   +8.720230e-007
+8.640000e+002	   +8.385366e-007
+8.720000e+002	   +8.023090e-007
+8.800000e+002	   +8.713425e-007
+8.880000e+002	   +8.170706e-007
+8.960000e+002	   +8.547423e-007
+9.040000e+002	   +8.922972e-007
+9.120000e+002	   +8.863536e-007
+9.200000e+002	   +9.351288e-007
+9.280000e+002	   +9.206077e-007
+9.360000e+002	   +8.923060e-007
+9.440000e+002	   +9.945089e-007
+9.520000e+002	   +1.022760e-006
+9.600000e+002	   +8.554990e-007
+9.680000e+002	   +7.948414e-007
+9.760000e+002	   +8.638011e-007
+9.840000e+002	   +7.642894e-007
+9.920000e+002	   +6.970334e-007
+1.000000e+003	   +7.971591e-007
+1.008000e+003	   +8.600734e-007
+1.016000e+003	   +8.661222e-007
+1.024000e+003	   +8.244755e-007
+1.032000e+003	   +8.009290e-007
+1.040000e+003	   +7.547603e-007
+1.048000e+003	   +6.432406e-007
+1.056000e+003	   +6.257564e-007
+1.064000e+003	   +7.688394e-007
+1.072000e+003	   +8.493257e-007
+1.080000e+003	   +8.264395e-007
+1.088000e+003	   +7.572829e-007
+1.096000e+003	   +6.513997e-007
+1.104000e+003	   +6.300695e-007
+1.112000e+003	   +7.392902e-007
+1.120000e+003	   +7.642979e-007
+1.128000e+003	   +6.312383e-007
+1.136000e+003	   +6.119319e-007
+1.144000e+003	   +6.786375e-007
+1.152000e+003	   +7.334286e-007
+1.160000e+003	   +7.132440e-007
+1.168000e+003	   +7.961279e-007
+1.176000e+003	   +8.661640e-007
+1.184000e+003	   +7.963972e-007
+1.192000e+003	   +7.063493e-007
+1.200000e+003	   +7.068319e-007
+1.208000e+003	   +7.279596e-007
+1.216000e+003	   +7.045338e-007
+1.224000e+003	   +6.729900e-007
+1.232000e+003	   +6.708933e-007
+1.240000e+003	   +6.202629e-007
+1.248000e+003	   +6.119729e-007
+1.256000e+003	   +6.229349e-007
+1.264000e+003	   +6.395463e-007
+1.272000e+003	   +6.575031e-007
+1.280000e+003	   +6.187271e-007
+1.288000e+003	   +6.527034e-007
+1.296000e+003	   +7.202510e-007
+1.304000e+003	   +7.224250e-007
+1.312000e+003	   +6.294167e-007
+1.320000e+003	   +5.340823e-007
+1.328000e+003	   +5.882924e-007
+1.336000e+003	   +5.738497e-007
+1.344000e+003	   +4.500984e-007
+1.352000e+003	   +5.259990e-007
+1.360000e+003	   +6.422272e-007
+1.368000e+003	   +6.164122e-007
+1.376000e+003	   +6.219883e-007
+1.384000e+003	   +6.715588e-007
+1.392000e+003	   +6.430429e-007
+1.400000e+003	   +5.663652e-007
+1.408000e+003	   +5.592086e-007
+1.416000e+003	   +6.027319e-007
+1.424000e+003	   +6.148217e-007
+1.432000e+003	   +5.639174e-007
+1.440000e+003	   +6.107734e-007
+1.448000e+003	   +6.074722e-007
+1.456000e+003	   +5.417174e-007
+1.464000e+003	   +5.835633e-007
+1.472000e+003	   +5.275971e-007
+1.480000e+003	   +5.374512e-007
+1.488000e+003	   +5.639223e-007
+1.496000e+003	   +5.230441e-007
+1.504000e+003	   +5.339416e-007
+1.512000e+003	   +5.780175e-007
+1.520000e+003	   +6.260719e-007
+1.528000e+003	   +6.080728e-007
+1.536000e+003	   +5.526483e-007
+1.544000e+003	   +5.455614e-007
+1.552000e+003	   +6.130705e-007
+1.560000e+003	   +6.944507e-007
+1.568000e+003	   +6.638167e-007
+1.576000e+003	   +5.828532e-007
+1.584000e+003	   +6.019218e-007
+1.592000e+003	   +6.079133e-007
+1.600000e+003	   +5.204810e-007
+1.608000e+003	   +5.100469e-007
+1.616000e+003	   +5.722905e-007
+1.624000e+003	   +6.414091e-007
+1.632000e+003	   +7.035868e-007
+1.640000e+003	   +6.768018e-007
+1.648000e+003	   +6.156790e-007
+1.656000e+003	   +5.817868e-007
+1.664000e+003	   +6.262430e-007
+1.672000e+003	   +6.374530e-007
+1.680000e+003	   +5.683274e-007
+1.688000e+003	   +5.007668e-007
+1.696000e+003	   +5.146552e-007
+1.704000e+003	   +4.965505e-007
+1.712000e+003	   +5.156547e-007
+1.720000e+003	   +5.671188e-007
+1.728000e+003	   +5.390995e-007
+1.736000e+003	   +5.412162e-007
+1.744000e+003	   +5.465224e-007
+1.752000e+003	   +5.094794e-007
+1.760000e+003	   +4.674606e-007
+1.768000e+003	   +4.991260e-007
+1.776000e+003	   +6.261406e-007
+1.784000e+003	   +6.640237e-007
+1.792000e+003	   +5.744271e-007
+1.800000e+003	   +5.204176e-007
+1.808000e+003	   +5.170788e-007
+1.816000e+003	   +5.293704e-007
+1.824000e+003	   +5.745741e-007
+1.832000e+003	   +5.731463e-007
+1.840000e+003	   +5.479915e-007
+1.848000e+003	   +5.088650e-007
+1.856000e+003	   +5.490286e-007
+1.864000e+003	   +5.454002e-007
+1.872000e+003	   +5.196479e-007
+1.880000e+003	   +5.622925e-007
+1.888000e+003	   +5.598106e-007
+1.896000e+003	   +4.730834e-007
+1.904000e+003	   +4.630923e-007
+1.912000e+003	   +4.912065e-007
+1.920000e+003	   +4.922043e-007
+1.928000e+003	   +4.602299e-007
+1.936000e+003	   +5.309887e-007
+1.944000e+003	   +5.822724e-007
+1.952000e+003	   +5.427003e-007
+1.960000e+003	   +5.113994e-007
+1.968000e+003	   +6.027405e-007
+1.976000e+003	   +6.178989e-007
+1.984000e+003	   +5.588465e-007
+1.992000e+003	   +4.973487e-007
+2.000000e+003	   +5.493958e-007
+2.008000e+003	   +5.619315e-007
+2.016000e+003	   +5.227111e-007
+2.024000e+003	   +5.484261e-007
+2.032000e+003	   +5.660295e-007
+2.040000e+003	   +5.867565e-007
+2.048000e+003	   +5.610665e-007
+2.056000e+003	   +4.996969e-007
+2.064000e+003	   +5.312476e-007
+2.072000e+003	   +6.139583e-007
+2.080000e+003	   +5.610764e-007
+2.088000e+003	   +4.803683e-007
+2.096000e+003	   +5.044592e-007
+2.104000e+003	   +5.490569e-007
+2.112000e+003	   +4.874704e-007
+2.120000e+003	   +4.780827e-007
+2.128000e+003	   +5.178157e-007
+2.136000e+003	   +5.571623e-007
+2.144000e+003	   +5.772969e-007
+2.152000e+003	   +5.489972e-007
+2.160000e+003	   +5.435685e-007
+2.168000e+003	   +5.197176e-007
+2.176000e+003	   +4.926427e-007
+2.184000e+003	   +5.535507e-007
+2.192000e+003	   +6.147468e-007
+2.200000e+003	   +5.055687e-007
+2.208000e+003	   +4.055685e-007
+2.216000e+003	   +4.741989e-007
+2.224000e+003	   +4.957540e-007
+2.232000e+003	   +4.572813e-007
+2.240000e+003	   +5.048033e-007
+2.248000e+003	   +4.755305e-007
+2.256000e+003	   +4.472731e-007
+2.264000e+003	   +5.207731e-007
+2.272000e+003	   +5.951935e-007
+2.280000e+003	   +6.083185e-007
+2.288000e+003	   +5.890008e-007
+2.296000e+003	   +6.041716e-007
+2.304000e+003	   +6.581546e-007
+2.312000e+003	   +6.688854e-007
+2.320000e+003	   +6.473251e-007
+2.328000e+003	   +6.183305e-007
+2.336000e+003	   +5.467967e-007
+2.344000e+003	   +4.704511e-007
+2.352000e+003	   +4.855389e-007
+2.360000e+003	   +5.561953e-007
+2.368000e+003	   +5.986080e-007
+2.376000e+003	   +5.315370e-007
+2.384000e+003	   +5.098963e-007
+2.392000e+003	   +5.977253e-007
+2.400000e+003	   +6.597593e-007
+2.408000e+003	   +6.312050e-007
+2.416000e+003	   +5.867829e-007
+2.424000e+003	   +5.380375e-007
+2.432000e+003	   +4.811205e-007
+2.440000e+003	   +4.598556e-007
+2.448000e+003	   +4.288337e-007
+2.456000e+003	   +4.469992e-007
+2.464000e+003	   +5.410985e-007
+2.472000e+003	   +5.744063e-007
+2.480000e+003	   +5.282075e-007
+2.488000e+003	   +5.542160e-007
+2.496000e+003	   +5.735826e-007
+2.504000e+003	   +5.004255e-007
+2.512000e+003	   +4.800561e-007
+2.520000e+003	   +5.279610e-007
+2.528000e+003	   +5.179499e-007
+2.536000e+003	   +5.012085e-007
+2.544000e+003	   +5.932056e-007
+2.552000e+003	   +6.492825e-007
+2.560000e+003	   +5.591423e-007
+2.568000e+003	   +5.275821e-007
+2.576000e+003	   +5.749918e-007
+2.584000e+003	   +5.792468e-007
+2.592000e+003	   +5.754800e-007
+2.600000e+003	   +5.893372e-007
+2.608000e+003	   +6.358690e-007
+2.616000e+003	   +5.935529e-007
+2.624000e+003	   +5.295454e-007
+2.632000e+003	   +5.201897e-007
+2.640000e+003	   +5.233186e-007
+2.648000e+003	   +5.258033e-007
+2.656000e+003	   +5.185570e-007
+2.664000e+003	   +5.376850e-007
+2.672000e+003	   +5.745021e-007
+2.680000e+003	   +5.914134e-007
+2.688000e+003	   +6.142226e-007
+2.696000e+003	   +6.070428e-007
+2.704000e+003	   +5.464780e-007
+2.712000e+003	   +4.819325e-007
+2.720000e+003	   +5.638759e-007
+2.728000e+003	   +6.136503e-007
+2.736000e+003	   +6.065665e-007
+2.744000e+003	   +6.142294e-007
+2.752000e+003	   +5.973579e-007
+2.760000e+003	   +5.248066e-007
+2.768000e+003	   +5.474461e-007
+2.776000e+003	   +5.313841e-007
+2.784000e+003	   +4.879609e-007
+2.792000e+003	   +5.080248e-007
+2.800000e+003	   +5.570913e-007
+2.808000e+003	   +6.223217e-007
+2.816000e+003	   +5.271646e-007
+2.824000e+003	   +4.221148e-007
+2.832000e+003	   +4.574360e-007
+2.840000e+003	   +5.303006e-007
+2.848000e+003	   +5.159078e-007
+2.856000e+003	   +4.848282e-007
+2.864000e+003	   +5.332298e-007
+2.872000e+003	   +5.175185e-007
+2.880000e+003	   +5.442941e-007
+2.888000e+003	   +6.031304e-007
+2.896000e+003	   +6.639647e-007
+2.904000e+003	   +6.248811e-007
+2.912000e+003	   +4.787413e-007
+2.920000e+003	   +4.489035e-007
+2.928000e+003	   +4.819653e-007
+2.936000e+003	   +5.549601e-007
+2.944000e+003	   +5.861004e-007
+2.952000e+003	   +4.696485e-007
+2.960000e+003	   +4.003505e-007
+2.968000e+003	   +4.956963e-007
+2.976000e+003	   +5.896556e-007
+2.984000e+003	   +5.601174e-007
+2.992000e+003	   +5.562283e-007
+3.000000e+003	   +6.182789e-007
+3.008000e+003	   +6.822587e-007
+3.016000e+003	   +6.665994e-007
+3.024000e+003	   +5.731841e-007
+3.032000e+003	   +5.276325e-007
+3.040000e+003	   +5.009878e-007
+3.048000e+003	   +5.391350e-007
+3.056000e+003	   +5.427372e-007
+3.064000e+003	   +5.995789e-007
+3.072000e+003	   +6.105481e-007
+3.080000e+003	   +6.995390e-007
+3.088000e+003	   +7.556044e-007
+3.096000e+003	   +6.866301e-007
+3.104000e+003	   +5.928260e-007
+3.112000e+003	   +5.211782e-007
+3.120000e+003	   +5.194591e-007
+3.128000e+003	   +5.388036e-007
+3.136000e+003	   +5.542902e-007
+3.144000e+003	   +6.080808e-007
+3.152000e+003	   +6.563044e-007
+3.160000e+003	   +6.275584e-007
+3.168000e+003	   +5.913536e-007
+3.176000e+003	   +6.148643e-007
+3.184000e+003	   +5.991932e-007
+3.192000e+003	   +5.451278e-007
+3.200000e+003	   +5.228316e-007
