+8.000000e+000	   +8.288840e-004
+1.600000e+001	   +2.399063e-004
+2.400000e+001	   +2.001492e-005
+3.200000e+001	   +6.699041e-007
+4.000000e+001	   +6.346490e-007
+4.800000e+001	   +5.846042e-007
+5.600000e+001	   +5.559200e-007
+6.400000e+001	   +5.539544e-007
+7.200000e+001	   +5.151318e-007
+8.000000e+001	   +4.511611e-007
+8.800000e+001	   +3.470899e-007
+9.600000e+001	   +3.632555e-007
+1.040000e+002	   +4.187505e-007
+1.120000e+002	   +4.835077e-007
+1.200000e+002	   +5.714723e-007
+1.280000e+002	   +5.085008e-007
+1.360000e+002	   +4.436280e-007
+1.440000e+002	   +3.863843e-007
+1.520000e+002	   +3.702441e-007
+1.600000e+002	   +4.392093e-007
+1.680000e+002	   +4.841048e-007
+1.760000e+002	   +5.408372e-007
+1.840000e+002	   +5.300567e-007
+1.920000e+002	   +4.215910e-007
+2.000000e+002	   +3.714893e-007
+2.080000e+002	   +3.687888e-007
+2.160000e+002	   +3.784684e-007
+2.240000e+002	   +3.861167e-007
+2.320000e+002	   +3.617001e-007
+2.400000e+002	   +3.878191e-007
+2.480000e+002	   +3.771750e-007
+2.560000e+002	   +3.384100e-007
+2.640000e+002	   +3.277804e-007
+2.720000e+002	   +3.319002e-007
+2.800000e+002	   +3.185193e-007
+2.880000e+002	   +3.853476e-007
+2.960000e+002	   +5.429708e-007
+3.040000e+002	   +5.132281e-007
+3.120000e+002	   +3.953411e-007
+3.200000e+002	   +3.355840e-007
+3.280000e+002	   +3.617644e-007
+3.360000e+002	   +4.289486e-007
+3.440000e+002	   +4.284629e-007
+3.520000e+002	   +4.052373e-007
+3.600000e+002	   +4.057096e-007
+3.680000e+002	   +3.917934e-007
+3.760000e+002	   +3.573890e-007
+3.840000e+002	   +3.602986e-007
+3.920000e+002	   +3.458756e-007
+4.000000e+002	   +3.321937e-007
+4.080000e+002	   +4.130912e-007
+4.160000e+002	   +4.938954e-007
+4.240000e+002	   +4.440290e-007
+4.320000e+002	   +3.602373e-007
+4.400000e+002	   +3.774306e-007
+4.480000e+002	   +3.832265e-007
+4.560000e+002	   +3.594775e-007
+4.640000e+002	   +3.833540e-007
+4.720000e+002	   +4.085042e-007
+4.800000e+002	   +4.212953e-007
+4.880000e+002	   +4.660200e-007
+4.960000e+002	   +4.494860e-007
+5.040000e+002	   +4.001031e-007
+5.120000e+002	   +4.168761e-007
+5.200000e+002	   +4.395437e-007
+5.280000e+002	   +4.508794e-007
+5.360000e+002	   +4.990017e-007
+5.440000e+002	   +5.317308e-007
+5.520000e+002	   +4.456334e-007
+5.600000e+002	   +3.550661e-007
+5.680000e+002	   +3.454596e-007
+5.760000e+002	   +4.307023e-007
+5.840000e+002	   +4.145192e-007
+5.920000e+002	   +3.957928e-007
+6.000000e+002	   +4.686657e-007
+6.080000e+002	   +5.002897e-007
+6.160000e+002	   +4.667164e-007
+6.240000e+002	   +3.956920e-007
+6.320000e+002	   +3.720305e-007
+6.400000e+002	   +3.615762e-007
+6.480000e+002	   +3.467650e-007
+6.560000e+002	   +4.091380e-007
+6.640000e+002	   +4.024474e-007
+6.720000e+002	   +4.396402e-007
+6.800000e+002	   +4.348057e-007
+6.880000e+002	   +4.088475e-007
+6.960000e+002	   +5.017387e-007
+7.040000e+002	   +5.325294e-007
+7.120000e+002	   +5.073620e-007
+7.200000e+002	   +6.209232e-007
+7.280000e+002	   +6.419255e-007
+7.360000e+002	   +5.389670e-007
+7.440000e+002	   +4.814428e-007
+7.520000e+002	   +5.304997e-007
+7.600000e+002	   +6.404422e-007
+7.680000e+002	   +6.423132e-007
+7.760000e+002	   +5.335373e-007
+7.840000e+002	   +5.113585e-007
+7.920000e+002	   +5.823703e-007
+8.000000e+002	   +5.660128e-007
+8.080000e+002	   +5.840338e-007
+8.160000e+002	   +6.767111e-007
+8.240000e+002	   +7.635379e-007
+8.320000e+002	   +7.579317e-007
+8.400000e+002	   +7.848098e-007
+8.480000e+002	   +7.772566e-007
+8.560000e+002	   +7.364757e-007
+8.640000e+002	   +6.679915e-007
+8.720000e+002	   +6.018028e-007
+8.800000e+002	   +6.928125e-007
+8.880000e+002	   +8.335787e-007
+8.960000e+002	   +9.461038e-007
+9.040000e+002	   +8.905247e-007
+9.120000e+002	   +7.926905e-007
+9.200000e+002	   +8.758227e-007
+9.280000e+002	   +9.800627e-007
+9.360000e+002	   +9.784617e-007
+9.440000e+002	   +8.715912e-007
+9.520000e+002	   +7.860223e-007
+9.600000e+002	   +8.706979e-007
+9.680000e+002	   +8.630977e-007
+9.760000e+002	   +7.144204e-007
+9.840000e+002	   +6.360240e-007
+9.920000e+002	   +5.950426e-007
+1.000000e+003	   +6.675978e-007
+1.008000e+003	   +7.787900e-007
+1.016000e+003	   +7.546907e-007
+1.024000e+003	   +7.777868e-007
+1.032000e+003	   +7.841423e-007
+1.040000e+003	   +8.020766e-007
+1.048000e+003	   +7.666099e-007
+1.056000e+003	   +6.368149e-007
+1.064000e+003	   +6.655515e-007
+1.072000e+003	   +6.744258e-007
+1.080000e+003	   +6.166809e-007
+1.088000e+003	   +6.141680e-007
+1.096000e+003	   +6.349237e-007
+1.104000e+003	   +6.410775e-007
+1.112000e+003	   +6.230115e-007
+1.120000e+003	   +6.340577e-007
+1.128000e+003	   +6.945635e-007
+1.136000e+003	   +7.601369e-007
+1.144000e+003	   +6.953495e-007
+1.152000e+003	   +5.763077e-007
+1.160000e+003	   +5.043152e-007
+1.168000e+003	   +5.363017e-007
+1.176000e+003	   +6.812617e-007
+1.184000e+003	   +6.838644e-007
+1.192000e+003	   +6.051363e-007
+1.200000e+003	   +5.708860e-007
+1.208000e+003	   +4.743744e-007
+1.216000e+003	   +4.586152e-007
+1.224000e+003	   +5.413683e-007
+1.232000e+003	   +5.094906e-007
+1.240000e+003	   +5.422553e-007
+1.248000e+003	   +6.013148e-007
+1.256000e+003	   +5.283212e-007
+1.264000e+003	   +5.000157e-007
+1.272000e+003	   +4.738419e-007
+1.280000e+003	   +4.450765e-007
+1.288000e+003	   +4.239523e-007
+1.296000e+003	   +5.493295e-007
+1.304000e+003	   +5.883040e-007
+1.312000e+003	   +4.954945e-007
+1.320000e+003	   +4.183783e-007
+1.328000e+003	   +4.284892e-007
+1.336000e+003	   +5.220257e-007
+1.344000e+003	   +5.418560e-007
+1.352000e+003	   +5.079261e-007
+1.360000e+003	   +4.593333e-007
+1.368000e+003	   +4.613445e-007
+1.376000e+003	   +4.911138e-007
+1.384000e+003	   +4.650509e-007
+1.392000e+003	   +4.074667e-007
+1.400000e+003	   +4.725394e-007
+1.408000e+003	   +5.700573e-007
+1.416000e+003	   +5.500259e-007
+1.424000e+003	   +5.394962e-007
+1.432000e+003	   +5.893112e-007
+1.440000e+003	   +5.212159e-007
+1.448000e+003	   +4.207983e-007
+1.456000e+003	   +4.554694e-007
+1.464000e+003	   +5.073470e-007
+1.472000e+003	   +4.775853e-007
+1.480000e+003	   +4.366370e-007
+1.488000e+003	   +4.206944e-007
+1.496000e+003	   +3.972229e-007
+1.504000e+003	   +4.062900e-007
+1.512000e+003	   +4.259665e-007
+1.520000e+003	   +4.224765e-007
+1.528000e+003	   +4.220323e-007
+1.536000e+003	   +4.098929e-007
+1.544000e+003	   +4.578681e-007
+1.552000e+003	   +4.727688e-007
+1.560000e+003	   +5.013147e-007
+1.568000e+003	   +4.906503e-007
+1.576000e+003	   +3.800641e-007
+1.584000e+003	   +2.887060e-007
+1.592000e+003	   +3.362412e-007
+1.600000e+003	   +3.935780e-007
+1.608000e+003	   +4.267633e-007
+1.616000e+003	   +4.546570e-007
+1.624000e+003	   +4.690080e-007
+1.632000e+003	   +4.703586e-007
+1.640000e+003	   +5.211838e-007
+1.648000e+003	   +5.501262e-007
+1.656000e+003	   +5.395478e-007
+1.664000e+003	   +4.886139e-007
+1.672000e+003	   +4.920313e-007
+1.680000e+003	   +5.002183e-007
+1.688000e+003	   +5.183219e-007
+1.696000e+003	   +4.877868e-007
+1.704000e+003	   +4.119675e-007
+1.712000e+003	   +4.098362e-007
+1.720000e+003	   +4.087918e-007
+1.728000e+003	   +4.192055e-007
+1.736000e+003	   +4.428260e-007
+1.744000e+003	   +3.838148e-007
+1.752000e+003	   +4.100100e-007
+1.760000e+003	   +5.066623e-007
+1.768000e+003	   +5.169869e-007
+1.776000e+003	   +4.820601e-007
+1.784000e+003	   +4.799766e-007
+1.792000e+003	   +5.028014e-007
+1.800000e+003	   +4.563304e-007
+1.808000e+003	   +4.246231e-007
+1.816000e+003	   +4.272429e-007
+1.824000e+003	   +4.174940e-007
+1.832000e+003	   +4.208939e-007
+1.840000e+003	   +4.183719e-007
+1.848000e+003	   +4.143699e-007
+1.856000e+003	   +4.080980e-007
+1.864000e+003	   +3.999814e-007
+1.872000e+003	   +3.958775e-007
+1.880000e+003	   +3.835578e-007
+1.888000e+003	   +3.732334e-007
+1.896000e+003	   +4.379511e-007
+1.904000e+003	   +4.640166e-007
+1.912000e+003	   +4.024152e-007
+1.920000e+003	   +4.232086e-007
+1.928000e+003	   +4.448923e-007
+1.936000e+003	   +4.074041e-007
+1.944000e+003	   +3.676047e-007
+1.952000e+003	   +3.409053e-007
+1.960000e+003	   +3.947794e-007
+1.968000e+003	   +4.384211e-007
+1.976000e+003	   +4.024876e-007
+1.984000e+003	   +3.526026e-007
+1.992000e+003	   +4.135686e-007
+2.000000e+003	   +4.628930e-007
+2.008000e+003	   +5.074495e-007
+2.016000e+003	   +4.993212e-007
+2.024000e+003	   +4.372875e-007
+2.032000e+003	   +3.957537e-007
+2.040000e+003	   +3.553266e-007
+2.048000e+003	   +3.957372e-007
+2.056000e+003	   +4.440046e-007
+2.064000e+003	   +4.818992e-007
+2.072000e+003	   +5.337634e-007
+2.080000e+003	   +4.984886e-007
+2.088000e+003	   +4.099604e-007
+2.096000e+003	   +4.533286e-007
+2.104000e+003	   +4.632219e-007
+2.112000e+003	   +3.839071e-007
+2.120000e+003	   +4.347493e-007
+2.128000e+003	   +4.297099e-007
+2.136000e+003	   +3.578656e-007
+2.144000e+003	   +3.484963e-007
+2.152000e+003	   +3.529695e-007
+2.160000e+003	   +4.247639e-007
+2.168000e+003	   +4.690950e-007
+2.176000e+003	   +3.989555e-007
+2.184000e+003	   +3.452947e-007
+2.192000e+003	   +3.819047e-007
+2.200000e+003	   +4.321224e-007
+2.208000e+003	   +4.383893e-007
+2.216000e+003	   +4.315690e-007
+2.224000e+003	   +4.770429e-007
+2.232000e+003	   +5.228121e-007
+2.240000e+003	   +4.860114e-007
+2.248000e+003	   +4.735189e-007
+2.256000e+003	   +5.465548e-007
+2.264000e+003	   +5.307951e-007
+2.272000e+003	   +4.544439e-007
+2.280000e+003	   +4.132994e-007
+2.288000e+003	   +3.823880e-007
+2.296000e+003	   +3.769866e-007
+2.304000e+003	   +4.267520e-007
+2.312000e+003	   +4.231017e-007
+2.320000e+003	   +4.112476e-007
+2.328000e+003	   +4.804785e-007
+2.336000e+003	   +5.282724e-007
+2.344000e+003	   +4.758627e-007
+2.352000e+003	   +3.696770e-007
+2.360000e+003	   +3.734515e-007
+2.368000e+003	   +4.152923e-007
+2.376000e+003	   +4.169833e-007
+2.384000e+003	   +4.111636e-007
+2.392000e+003	   +4.109767e-007
+2.400000e+003	   +4.304565e-007
+2.408000e+003	   +4.690858e-007
+2.416000e+003	   +4.445539e-007
+2.424000e+003	   +4.187115e-007
+2.432000e+003	   +4.040080e-007
+2.440000e+003	   +3.738539e-007
+2.448000e+003	   +3.763955e-007
+2.456000e+003	   +3.979401e-007
+2.464000e+003	   +4.382570e-007
+2.472000e+003	   +4.778354e-007
+2.480000e+003	   +5.220022e-007
+2.488000e+003	   +4.974323e-007
+2.496000e+003	   +4.088677e-007
+2.504000e+003	   +4.266134e-007
+2.512000e+003	   +4.417969e-007
+2.520000e+003	   +4.781609e-007
+2.528000e+003	   +4.575018e-007
+2.536000e+003	   +4.197167e-007
+2.544000e+003	   +4.006227e-007
+2.552000e+003	   +3.166548e-007
+2.560000e+003	   +3.099452e-007
+2.568000e+003	   +3.802423e-007
+2.576000e+003	   +4.301881e-007
+2.584000e+003	   +4.095614e-007
+2.592000e+003	   +4.102112e-007
+2.600000e+003	   +4.428819e-007
+2.608000e+003	   +4.486522e-007
+2.616000e+003	   +4.205784e-007
+2.624000e+003	   +4.448767e-007
+2.632000e+003	   +4.800388e-007
+2.640000e+003	   +4.564591e-007
+2.648000e+003	   +4.456574e-007
+2.656000e+003	   +4.183742e-007
+2.664000e+003	   +4.447077e-007
+2.672000e+003	   +4.832731e-007
+2.680000e+003	   +4.480930e-007
+2.688000e+003	   +4.356591e-007
+2.696000e+003	   +4.798680e-007
+2.704000e+003	   +5.102418e-007
+2.712000e+003	   +5.012068e-007
+2.720000e+003	   +4.310022e-007
+2.728000e+003	   +3.826602e-007
+2.736000e+003	   +3.953485e-007
+2.744000e+003	   +4.948893e-007
+2.752000e+003	   +5.471348e-007
+2.760000e+003	   +4.966687e-007
+2.768000e+003	   +4.226277e-007
+2.776000e+003	   +4.146976e-007
+2.784000e+003	   +3.614444e-007
+2.792000e+003	   +3.985541e-007
+2.800000e+003	   +4.753358e-007
+2.808000e+003	   +4.796463e-007
+2.816000e+003	   +5.184290e-007
+2.824000e+003	   +4.977869e-007
+2.832000e+003	   +4.146485e-007
+2.840000e+003	   +4.158763e-007
+2.848000e+003	   +4.136063e-007
+2.856000e+003	   +3.790598e-007
+2.864000e+003	   +3.869060e-007
+2.872000e+003	   +4.075088e-007
+2.880000e+003	   +3.666566e-007
+2.888000e+003	   +3.545180e-007
+2.896000e+003	   +4.106677e-007
+2.904000e+003	   +4.548097e-007
+2.912000e+003	   +4.198956e-007
+2.920000e+003	   +3.898226e-007
+2.928000e+003	   +3.698849e-007
+2.936000e+003	   +3.265297e-007
+2.944000e+003	   +3.201257e-007
+2.952000e+003	   +3.702591e-007
+2.960000e+003	   +4.040125e-007
+2.968000e+003	   +4.512508e-007
+2.976000e+003	   +4.602597e-007
+2.984000e+003	   +4.348548e-007
+2.992000e+003	   +4.079959e-007
+3.000000e+003	   +3.667065e-007
+3.008000e+003	   +3.488983e-007
+3.016000e+003	   +4.347436e-007
+3.024000e+003	   +5.270604e-007
+3.032000e+003	   +5.191290e-007
+3.040000e+003	   +4.720970e-007
+3.048000e+003	   +4.243313e-007
+3.056000e+003	   +4.091771e-007
+3.064000e+003	   +3.969735e-007
+3.072000e+003	   +3.463742e-007
+3.080000e+003	   +3.360766e-007
+3.088000e+003	   +3.654156e-007
+3.096000e+003	   +3.558646e-007
+3.104000e+003	   +4.113049e-007
+3.112000e+003	   +4.620151e-007
+3.120000e+003	   +4.232625e-007
+3.128000e+003	   +4.647457e-007
+3.136000e+003	   +4.284568e-007
+3.144000e+003	   +3.922661e-007
+3.152000e+003	   +4.625516e-007
+3.160000e+003	   +4.589517e-007
+3.168000e+003	   +4.167636e-007
+3.176000e+003	   +4.083679e-007
+3.184000e+003	   +4.147532e-007
+3.192000e+003	   +4.860370e-007
+3.200000e+003	   +5.379932e-007
