+8.000000e+000	   +5.651781e-004
+1.600000e+001	   +1.633100e-004
+2.400000e+001	   +1.344775e-005
+3.200000e+001	   +1.470583e-006
+4.000000e+001	   +1.318381e-006
+4.800000e+001	   +1.213581e-006
+5.600000e+001	   +1.253805e-006
+6.400000e+001	   +1.274824e-006
+7.200000e+001	   +1.080787e-006
+8.000000e+001	   +8.961972e-007
+8.800000e+001	   +8.387741e-007
+9.600000e+001	   +6.564370e-007
+1.040000e+002	   +5.221335e-007
+1.120000e+002	   +5.988131e-007
+1.200000e+002	   +7.298499e-007
+1.280000e+002	   +7.518885e-007
+1.360000e+002	   +6.738167e-007
+1.440000e+002	   +5.763951e-007
+1.520000e+002	   +5.043108e-007
+1.600000e+002	   +5.067207e-007
+1.680000e+002	   +5.042255e-007
+1.760000e+002	   +5.454949e-007
+1.840000e+002	   +5.781069e-007
+1.920000e+002	   +5.421196e-007
+2.000000e+002	   +5.411740e-007
+2.080000e+002	   +5.343322e-007
+2.160000e+002	   +5.464732e-007
+2.240000e+002	   +5.647607e-007
+2.320000e+002	   +5.972582e-007
+2.400000e+002	   +5.849400e-007
+2.480000e+002	   +5.077382e-007
+2.560000e+002	   +4.316837e-007
+2.640000e+002	   +4.411135e-007
+2.720000e+002	   +4.898698e-007
+2.800000e+002	   +5.156784e-007
+2.880000e+002	   +5.638913e-007
+2.960000e+002	   +6.747065e-007
+3.040000e+002	   +6.404935e-007
+3.120000e+002	   +5.117612e-007
+3.200000e+002	   +4.775879e-007
+3.280000e+002	   +4.781882e-007
+3.360000e+002	   +4.405946e-007
+3.440000e+002	   +3.918377e-007
+3.520000e+002	   +4.303261e-007
+3.600000e+002	   +5.255643e-007
+3.680000e+002	   +5.511830e-007
+3.760000e+002	   +5.046858e-007
+3.840000e+002	   +4.268275e-007
+3.920000e+002	   +4.277644e-007
+4.000000e+002	   +5.121035e-007
+4.080000e+002	   +6.398785e-007
+4.160000e+002	   +7.544745e-007
+4.240000e+002	   +7.646126e-007
+4.320000e+002	   +7.340562e-007
+4.400000e+002	   +5.826222e-007
+4.480000e+002	   +3.982431e-007
+4.560000e+002	   +4.977344e-007
+4.640000e+002	   +5.493391e-007
+4.720000e+002	   +5.170607e-007
+4.800000e+002	   +4.700932e-007
+4.880000e+002	   +5.593191e-007
+4.960000e+002	   +5.806623e-007
+5.040000e+002	   +5.036053e-007
+5.120000e+002	   +5.217856e-007
+5.200000e+002	   +5.847178e-007
+5.280000e+002	   +5.484911e-007
+5.360000e+002	   +5.650807e-007
+5.440000e+002	   +6.447538e-007
+5.520000e+002	   +5.843398e-007
+5.600000e+002	   +5.096248e-007
+5.680000e+002	   +5.578748e-007
+5.760000e+002	   +5.223411e-007
+5.840000e+002	   +5.450823e-007
+5.920000e+002	   +5.788863e-007
+6.000000e+002	   +5.155907e-007
+6.080000e+002	   +4.598284e-007
+6.160000e+002	   +4.546220e-007
+6.240000e+002	   +5.086712e-007
+6.320000e+002	   +5.813979e-007
+6.400000e+002	   +4.966666e-007
+6.480000e+002	   +4.596592e-007
+6.560000e+002	   +5.409946e-007
+6.640000e+002	   +5.774104e-007
+6.720000e+002	   +5.939623e-007
+6.800000e+002	   +6.422956e-007
+6.880000e+002	   +5.979518e-007
+6.960000e+002	   +5.447784e-007
+7.040000e+002	   +5.535312e-007
+7.120000e+002	   +5.528303e-007
+7.200000e+002	   +4.784145e-007
+7.280000e+002	   +5.002167e-007
+7.360000e+002	   +6.244277e-007
+7.440000e+002	   +7.301561e-007
+7.520000e+002	   +6.644416e-007
+7.600000e+002	   +5.354545e-007
+7.680000e+002	   +5.530562e-007
+7.760000e+002	   +5.444101e-007
+7.840000e+002	   +5.759017e-007
+7.920000e+002	   +6.712153e-007
+8.000000e+002	   +8.130364e-007
+8.080000e+002	   +1.008939e-006
+8.160000e+002	   +1.106240e-006
+8.240000e+002	   +1.117680e-006
+8.320000e+002	   +9.800992e-007
+8.400000e+002	   +7.658292e-007
+8.480000e+002	   +6.591496e-007
+8.560000e+002	   +6.319893e-007
+8.640000e+002	   +6.003338e-007
+8.720000e+002	   +6.840258e-007
+8.800000e+002	   +8.852012e-007
+8.880000e+002	   +9.889068e-007
+8.960000e+002	   +1.044882e-006
+9.040000e+002	   +9.300766e-007
+9.120000e+002	   +8.816627e-007
+9.200000e+002	   +9.537918e-007
+9.280000e+002	   +8.393656e-007
+9.360000e+002	   +7.930282e-007
+9.440000e+002	   +9.398059e-007
+9.520000e+002	   +1.093866e-006
+9.600000e+002	   +1.038651e-006
+9.680000e+002	   +9.189999e-007
+9.760000e+002	   +8.813182e-007
+9.840000e+002	   +9.091596e-007
+9.920000e+002	   +9.062295e-007
+1.000000e+003	   +9.503922e-007
+1.008000e+003	   +9.087134e-007
+1.016000e+003	   +9.212285e-007
+1.024000e+003	   +9.338719e-007
+1.032000e+003	   +8.548652e-007
+1.040000e+003	   +8.195252e-007
+1.048000e+003	   +8.244990e-007
+1.056000e+003	   +8.284791e-007
+1.064000e+003	   +7.552121e-007
+1.072000e+003	   +6.676271e-007
+1.080000e+003	   +7.466753e-007
+1.088000e+003	   +7.557720e-007
+1.096000e+003	   +7.338660e-007
+1.104000e+003	   +7.332064e-007
+1.112000e+003	   +8.621155e-007
+1.120000e+003	   +9.038575e-007
+1.128000e+003	   +8.387318e-007
+1.136000e+003	   +8.159338e-007
+1.144000e+003	   +7.782293e-007
+1.152000e+003	   +6.753632e-007
+1.160000e+003	   +6.897939e-007
+1.168000e+003	   +7.265407e-007
+1.176000e+003	   +7.763671e-007
+1.184000e+003	   +6.732155e-007
+1.192000e+003	   +5.876075e-007
+1.200000e+003	   +6.921002e-007
+1.208000e+003	   +7.210264e-007
+1.216000e+003	   +6.155830e-007
+1.224000e+003	   +5.762989e-007
+1.232000e+003	   +5.741818e-007
+1.240000e+003	   +6.296524e-007
+1.248000e+003	   +6.508027e-007
+1.256000e+003	   +6.221058e-007
+1.264000e+003	   +6.264941e-007
+1.272000e+003	   +6.821059e-007
+1.280000e+003	   +6.982283e-007
+1.288000e+003	   +6.298418e-007
+1.296000e+003	   +5.492052e-007
+1.304000e+003	   +5.345194e-007
+1.312000e+003	   +5.733150e-007
+1.320000e+003	   +5.695387e-007
+1.328000e+003	   +5.642078e-007
+1.336000e+003	   +5.264214e-007
+1.344000e+003	   +5.504301e-007
+1.352000e+003	   +6.318852e-007
+1.360000e+003	   +6.119971e-007
+1.368000e+003	   +5.491859e-007
+1.376000e+003	   +5.466148e-007
+1.384000e+003	   +5.195857e-007
+1.392000e+003	   +5.738515e-007
+1.400000e+003	   +6.499758e-007
+1.408000e+003	   +6.005625e-007
+1.416000e+003	   +5.023578e-007
+1.424000e+003	   +5.139212e-007
+1.432000e+003	   +4.752925e-007
+1.440000e+003	   +5.701906e-007
+1.448000e+003	   +6.377771e-007
+1.456000e+003	   +6.044331e-007
+1.464000e+003	   +5.030653e-007
+1.472000e+003	   +5.360156e-007
+1.480000e+003	   +6.110953e-007
+1.488000e+003	   +6.043077e-007
+1.496000e+003	   +6.000432e-007
+1.504000e+003	   +5.805182e-007
+1.512000e+003	   +5.750903e-007
+1.520000e+003	   +5.987993e-007
+1.528000e+003	   +5.904246e-007
+1.536000e+003	   +5.629319e-007
+1.544000e+003	   +5.380511e-007
+1.552000e+003	   +5.042211e-007
+1.560000e+003	   +5.091478e-007
+1.568000e+003	   +4.907974e-007
+1.576000e+003	   +4.795152e-007
+1.584000e+003	   +5.645387e-007
+1.592000e+003	   +6.432964e-007
+1.600000e+003	   +6.035743e-007
+1.608000e+003	   +5.015476e-007
+1.616000e+003	   +4.173199e-007
+1.624000e+003	   +5.120602e-007
+1.632000e+003	   +5.567568e-007
+1.640000e+003	   +5.343821e-007
+1.648000e+003	   +5.230257e-007
+1.656000e+003	   +4.680871e-007
+1.664000e+003	   +4.785343e-007
+1.672000e+003	   +4.986982e-007
+1.680000e+003	   +4.850678e-007
+1.688000e+003	   +5.584613e-007
+1.696000e+003	   +6.323343e-007
+1.704000e+003	   +6.078592e-007
+1.712000e+003	   +4.999866e-007
+1.720000e+003	   +5.020252e-007
+1.728000e+003	   +5.339692e-007
+1.736000e+003	   +5.555576e-007
+1.744000e+003	   +5.007239e-007
+1.752000e+003	   +5.132873e-007
+1.760000e+003	   +5.547852e-007
+1.768000e+003	   +5.825263e-007
+1.776000e+003	   +5.797011e-007
+1.784000e+003	   +5.182468e-007
+1.792000e+003	   +5.108315e-007
+1.800000e+003	   +5.187387e-007
+1.808000e+003	   +4.969393e-007
+1.816000e+003	   +4.796073e-007
+1.824000e+003	   +5.032631e-007
+1.832000e+003	   +6.317534e-007
+1.840000e+003	   +6.910827e-007
+1.848000e+003	   +6.651088e-007
+1.856000e+003	   +6.033722e-007
+1.864000e+003	   +5.219271e-007
+1.872000e+003	   +5.314320e-007
+1.880000e+003	   +5.283194e-007
+1.888000e+003	   +5.801181e-007
+1.896000e+003	   +5.904459e-007
+1.904000e+003	   +5.205090e-007
+1.912000e+003	   +5.197883e-007
+1.920000e+003	   +5.700035e-007
+1.928000e+003	   +4.978940e-007
+1.936000e+003	   +4.453365e-007
+1.944000e+003	   +4.702217e-007
+1.952000e+003	   +5.214054e-007
+1.960000e+003	   +5.708233e-007
+1.968000e+003	   +6.350561e-007
+1.976000e+003	   +7.377763e-007
+1.984000e+003	   +7.226646e-007
+1.992000e+003	   +5.957074e-007
+2.000000e+003	   +4.534162e-007
+2.008000e+003	   +4.669143e-007
+2.016000e+003	   +5.283699e-007
+2.024000e+003	   +5.150990e-007
+2.032000e+003	   +5.572705e-007
+2.040000e+003	   +6.392500e-007
+2.048000e+003	   +6.640908e-007
+2.056000e+003	   +5.945626e-007
+2.064000e+003	   +5.063342e-007
+2.072000e+003	   +5.559212e-007
+2.080000e+003	   +6.463578e-007
+2.088000e+003	   +7.022655e-007
+2.096000e+003	   +6.764668e-007
+2.104000e+003	   +6.080835e-007
+2.112000e+003	   +5.607783e-007
+2.120000e+003	   +4.757169e-007
+2.128000e+003	   +3.777963e-007
+2.136000e+003	   +4.300290e-007
+2.144000e+003	   +5.073520e-007
+2.152000e+003	   +5.469816e-007
+2.160000e+003	   +4.860952e-007
+2.168000e+003	   +4.933047e-007
+2.176000e+003	   +5.033394e-007
+2.184000e+003	   +4.408685e-007
+2.192000e+003	   +4.613890e-007
+2.200000e+003	   +5.687107e-007
+2.208000e+003	   +5.732992e-007
+2.216000e+003	   +5.058063e-007
+2.224000e+003	   +5.222980e-007
+2.232000e+003	   +5.127032e-007
+2.240000e+003	   +5.020264e-007
+2.248000e+003	   +4.881361e-007
+2.256000e+003	   +5.904874e-007
+2.264000e+003	   +7.202953e-007
+2.272000e+003	   +7.151133e-007
+2.280000e+003	   +6.203815e-007
+2.288000e+003	   +5.950073e-007
+2.296000e+003	   +5.263896e-007
+2.304000e+003	   +5.594831e-007
+2.312000e+003	   +5.512914e-007
+2.320000e+003	   +4.920119e-007
+2.328000e+003	   +4.912184e-007
+2.336000e+003	   +5.735807e-007
+2.344000e+003	   +5.457105e-007
+2.352000e+003	   +5.057847e-007
+2.360000e+003	   +5.435178e-007
+2.368000e+003	   +5.454248e-007
+2.376000e+003	   +4.864705e-007
+2.384000e+003	   +4.415607e-007
+2.392000e+003	   +4.715370e-007
+2.400000e+003	   +4.778092e-007
+2.408000e+003	   +4.538878e-007
+2.416000e+003	   +4.621313e-007
+2.424000e+003	   +5.174622e-007
+2.432000e+003	   +4.934818e-007
+2.440000e+003	   +4.144655e-007
+2.448000e+003	   +4.469820e-007
+2.456000e+003	   +4.351170e-007
+2.464000e+003	   +4.796715e-007
+2.472000e+003	   +5.285503e-007
+2.480000e+003	   +5.029555e-007
+2.488000e+003	   +5.065360e-007
+2.496000e+003	   +4.282108e-007
+2.504000e+003	   +3.966093e-007
+2.512000e+003	   +5.583614e-007
+2.520000e+003	   +6.538022e-007
+2.528000e+003	   +6.198796e-007
+2.536000e+003	   +5.688094e-007
+2.544000e+003	   +5.388516e-007
+2.552000e+003	   +5.439548e-007
+2.560000e+003	   +5.438700e-007
+2.568000e+003	   +5.341785e-007
+2.576000e+003	   +5.422702e-007
+2.584000e+003	   +5.727764e-007
+2.592000e+003	   +5.567079e-007
+2.600000e+003	   +5.240547e-007
+2.608000e+003	   +5.398358e-007
+2.616000e+003	   +5.886885e-007
+2.624000e+003	   +5.145739e-007
+2.632000e+003	   +5.399549e-007
+2.640000e+003	   +5.837409e-007
+2.648000e+003	   +5.457381e-007
+2.656000e+003	   +5.651546e-007
+2.664000e+003	   +6.458314e-007
+2.672000e+003	   +6.549137e-007
+2.680000e+003	   +6.623301e-007
+2.688000e+003	   +6.207800e-007
+2.696000e+003	   +5.949296e-007
+2.704000e+003	   +6.190988e-007
+2.712000e+003	   +5.470615e-007
+2.720000e+003	   +4.737451e-007
+2.728000e+003	   +5.205502e-007
+2.736000e+003	   +5.294175e-007
+2.744000e+003	   +5.369280e-007
+2.752000e+003	   +5.593947e-007
+2.760000e+003	   +5.158042e-007
+2.768000e+003	   +5.064015e-007
+2.776000e+003	   +5.467210e-007
+2.784000e+003	   +5.256088e-007
+2.792000e+003	   +5.080627e-007
+2.800000e+003	   +5.137993e-007
+2.808000e+003	   +5.209716e-007
+2.816000e+003	   +5.611842e-007
+2.824000e+003	   +4.979601e-007
+2.832000e+003	   +4.774154e-007
+2.840000e+003	   +4.628422e-007
+2.848000e+003	   +4.411827e-007
+2.856000e+003	   +4.662514e-007
+2.864000e+003	   +5.280677e-007
+2.872000e+003	   +5.638319e-007
+2.880000e+003	   +5.429804e-007
+2.888000e+003	   +5.299095e-007
+2.896000e+003	   +5.349485e-007
+2.904000e+003	   +5.669967e-007
+2.912000e+003	   +5.472153e-007
+2.920000e+003	   +4.759944e-007
+2.928000e+003	   +5.013142e-007
+2.936000e+003	   +5.901996e-007
+2.944000e+003	   +5.420827e-007
+2.952000e+003	   +4.577600e-007
+2.960000e+003	   +4.661961e-007
+2.968000e+003	   +3.994118e-007
+2.976000e+003	   +4.317634e-007
+2.984000e+003	   +6.012527e-007
+2.992000e+003	   +6.832212e-007
+3.000000e+003	   +5.777694e-007
+3.008000e+003	   +5.425215e-007
+3.016000e+003	   +5.267822e-007
+3.024000e+003	   +5.549509e-007
+3.032000e+003	   +6.572981e-007
+3.040000e+003	   +7.330149e-007
+3.048000e+003	   +7.059066e-007
+3.056000e+003	   +5.907780e-007
+3.064000e+003	   +5.325558e-007
+3.072000e+003	   +5.583644e-007
+3.080000e+003	   +5.652743e-007
+3.088000e+003	   +5.115859e-007
+3.096000e+003	   +5.078547e-007
+3.104000e+003	   +5.980082e-007
+3.112000e+003	   +6.000241e-007
+3.120000e+003	   +5.250360e-007
+3.128000e+003	   +4.928510e-007
+3.136000e+003	   +5.754333e-007
+3.144000e+003	   +5.731173e-007
+3.152000e+003	   +5.020231e-007
+3.160000e+003	   +5.503956e-007
+3.168000e+003	   +6.191940e-007
+3.176000e+003	   +5.650280e-007
+3.184000e+003	   +4.333097e-007
+3.192000e+003	   +4.946769e-007
+3.200000e+003	   +5.730009e-007
